141.94782	148.33896
142.10894000000002	146.94258
147.15741000000003	140.01435999999998
148.33896000000001	139.96066
165.79376000000002	124.86896999999999
173.79612000000003	135.87892
163.86031000000003	142.91455
161.01383	146.3518
159.56374000000002	151.13173

167.48553	123.36517
181.47623000000002	117.5648
184.43012000000002	116.92032
186.57840000000002	117.13515000000001
185.07461	129.43407000000002
181.82533	130.50821000000002
175.67587	135.12702000000002

189.69341	117.45739
195.3058	118.34355000000001
194.44649	124.09021000000001
188.78039	123.04293000000001

196.99758	120.51869
206.55743999999999	129.51463
198.04486999999997	136.92621
192.59359999999998	131.79718
188.10905999999997	129.6489
188.69982999999996	123.84853
194.26951999999997	124.73429
193.33908999999997	129.70923
193.90873999999997	130.25988999999998
195.88352999999998	127.98128999999999
195.19994999999997	127.35466999999998
195.88352999999998	121.10751999999998

186.5784	140.01436
196.56792	141.67928
201.99233999999998	148.39267
201.88492	149.78905
185.55796999999998	147.42594

185.47741	147.96301
203.54984	150.62151
205.61757	153.19945
205.59067	155.72369
206.66485	155.8311
206.50373	158.4896
184.37641	155.15976

216.92291	151.13173
212.2504	152.90407000000002
210.42436	148.71492
212.35781	147.37224
207.25564	139.85325
206.39633	140.65885
204.99994	139.10135
205.96667000000002	138.24204
203.9258	135.6641
199.19957000000002	139.58471
207.35247	150.50144
210.65644	157.03342
221.2899	153.31171
217.15044999999998	144.72899
214.45411	146.32401000000002

204.65084	134.9659
213.32453999999998	146.2981
217.62111	143.6933
216.4127	141.49131
215.07002	142.4849
215.09682	141.00795000000002
208.27607	132.01201000000003

140.93132	151.56478
158.09676	154.26112
157.45116	159.04618
140.17179	156.42579

139.86797	157.41318
157.29925000000003	160.03357
156.61567000000002	165.27435
139.14642000000003	162.50205

156.34034	165.91045
155.47637	171.04679
138.57677	168.54034
139.22237	163.48943999999997

138.53879	169.37582
155.24851	171.95823000000001
154.48898	177.00913000000003
137.89319	174.27481000000003

160.10953	159.38797
160.79311	154.60291
180.84478000000001	157.37521
180.31310000000002	162.19825

159.91964	160.29941
180.08524	163.03373
179.43964	167.89473999999998
159.27403999999999	164.85661

159.12213	166.90735
168.46439	168.19855
167.09723	178.94595
157.48914	177.57879

169.60369	168.6163
179.13583	169.9075
178.49023	174.84447
168.92011	173.47731

168.84416	174.31279
178.07247999999998	175.56602
177.38889999999998	180.04727
168.38843999999997	178.90797

211.26407	170.74299
211.75781	170.89489999999998
211.68181	169.90755
211.26409	169.83155
211.22609	167.85676999999998
208.49173	167.70486
208.56772999999998	166.8314
204.35232	166.48961
204.50422999999998	165.12245
209.70699999999997	165.76805
209.74499999999998	162.61598999999998
209.02344999999997	162.50205999999997
209.02344999999997	161.51466999999997
188.21223999999998	158.62843999999996
186.88305999999997	169.07201999999995
207.20056999999997	171.23668999999995
207.12456999999998	171.76835999999994
211.45394999999996	172.07216999999994

186.50329	170.81894
184.98423	181.37645
213.01099	185.32602
213.58064	180.92073
192.08586	177.92058
192.38968	176.81925
212.40337	179.78143
212.97302	174.76851
212.55527999999998	174.76851

211.39108	159.9934
214.39867999999998	172.56086000000002
215.25799999999998	178.8983
215.63394	186.04134000000002
227.61061999999998	188.08221000000003
227.12725999999998	178.03899000000004
219.01748999999998	178.95201000000003
219.17861	177.28709000000003
227.01985	176.96484000000004
225.892	169.23102000000003
222.77698999999998	169.98292000000004
222.34732999999997	168.53283000000005
225.40862999999996	167.40498000000005
224.28078999999997	163.00100000000006
221.81025999999997	163.75290000000007
221.38059999999996	162.14169000000007
223.95853999999997	161.44350000000006
222.45473999999996	156.60986000000005

152.85036	193.18438
145.49249	192.11023
145.00912	195.38637
142.43117999999998	195.06412
143.02195999999998	190.71385
144.14980999999997	190.87497000000002
145.86843999999996	178.36122000000003
137.11417999999998	177.12596000000002
136.04003999999998	186.36358
135.23442999999997	186.36357
133.30097999999998	200.32742000000002
151.29895	202.64337

146.24805	191.2124
147.76712	178.75606
154.90673	179.89535999999998
153.34969	192.27575

157.29926	180.16119
165.99591	181.4524
165.42626	186.42734000000002
156.65366	185.364

156.5777	186.46532
165.16042	187.56663999999998
164.51482	192.27575
155.9321	191.09847

155.81817	192.19979
164.36291	193.30111
163.67933	198.23808
155.2865	197.02283

155.28649	198.46594
163.52742999999998	199.49131
163.22360999999998	204.20041
154.56493999999998	203.06111

169.14797	181.9461
165.76805	204.80804
171.99622	205.64353
175.22423	182.74361

176.78128	182.93349
182.47777000000002	183.69302000000002
179.21178000000003	207.08664000000002
173.32540000000003	206.06127

176.78128	182.93349
182.47777000000002	183.69302000000002
179.21178000000003	207.08664000000002
173.32540000000003	206.06127

184.69866	187.75996
189.74713	188.40445
188.99523	195.17155
183.62452	194.52706

186.95436	197.48095
193.98999	198.44768000000002
193.23809	208.65202000000002
181.90589	206.98710000000003
183.30228	196.67534000000003
185.85769	197.13675000000003
185.21209	201.31419000000002
186.42734	201.46609000000004

191.94912	185.88022
197.42723999999998	186.36358
196.46051999999997	192.53990000000002
191.03609999999998	191.57317

199.68294	190.82127
205.21477000000002	191.51946
204.40916	197.42724
198.82363	196.67534

195.61769	198.73178
201.23823000000002	199.45333
199.94703	209.17534999999998
194.51637000000002	208.37784

204.12446	200.17489
210.46656	200.93442000000002
209.09939999999997	210.69442
203.06110999999999	209.85893000000002

206.9871	189.37118
212.41152	190.12308000000002
211.12255	198.44768000000002
205.75184	197.64207000000002

212.55527	211.71979
215.89722	188.70594
226.75854	190.45287
225.16352	200.93442
225.88508000000002	200.93442
223.83434000000003	213.04897
219.65691000000004	212.40337
222.92290000000003	194.09862999999999
219.27714000000003	193.52898
218.40368000000004	199.90904999999998
219.23916000000003	199.98504999999997
218.70749000000004	203.51682999999997
219.54298000000003	203.55482999999998
218.09987000000004	212.70718
